-23κ-Ι

111 111 1111111 11111111. 1211111111 111 1111111111. 21111111 111 2111111111 2111
1111, 211 Ι. 211111111111111 111111211111111111. 1111111.

1111111111, 1 61. 2111, (1111111111, 1112111111 18-70 11111111 111 11111111
1111111111 1111111111 11111111. 2111111 111 11111111 11112111111112111111
1111111211. Ι. 1111111111 gum 1111111111 (1111111 1116111111. 11111.

6111111, 2 61. 11111112 11111. 1111111111 111 ς 90-122 1111111. 21111111111111111
11Ν1111111 et 11Ῐ la grande 11111111 1812 par Segur. 11111111 111 11111111
1111 14 211. mer.

1111111111, 1961. 11111, 11111. 1111111111, 1112111111 70-78111111111111 11111
111 11111111. 1111 2111 vocabulaire &systematique 11111111 611111 11111111
1111111111 1116111111 1111111. 2111111 1112111111112 21111111, 211. ll. 12111.

211111, 2 61. 111111, histoire de Charles I. Mademoiselle 1111111111111111111
Sandeau. Les femfmes 11111111 par 11111111. 1111111111 111 2111111 1111111111
1111142111. 1111.

11. 11111111211111.

211111. 2111111111, 111111. Ι.; 261. 1111112 21111111, 1111111111111, 2111111 18-61
11111111 111 11111111 11111111, 1111111111 2111111111 1111111 111111112111111111111
11111111, 11111 1111111111 11111111 1111111111 1111111 111 11111111111111111111111
1111111111111. 6111111111111’12111111111., 1111111111111, 2111111 1-8 11111111 111
111111111111111. 2111111 11111111111111111111111211. Ι. 2111111111 gum 6111111
1111 1111111111 111 1111111111. -1111111, 2 61. 11111112 21111111, 1111111111
11111, 2111111 1181111111 111 11111111 11111111. 1111111.

6111111, 2 61. 11111111 111111111111111111111111111112111111111 111111111111 111111
211111. Ι. 11111112 1111111111 111 5 282 -348 111 1111 1-25, 11121111111111
11111111111111111, 1111 14 2111 1111111111111111111111111. 2111111 111 2111111111
1111111111 21111111, 211. Ι. 11111.

2111111111, 3 61. 111 61111111, 2 61. 111 2211111111111111. 21111121111111111111111111
111 21111ῖ11ῐ ΙΙῚΙ-ὅὲ 1111111111 1111111111111111111. 21111111 111 11111111 1111111
mut 11, . . et.

211111, 2ᾕ61. ῑὶΓ1111111111 by Sheridan. The sketchbook of Washington Irvinf
Household words by Charles Diokens vol. XIV. 1111 21111111 1111111. 11111.

11. 11111111 211111.

6111111, 2 61. 211111. Ι.; 11111111111111 2111111111. 1111111111 111 1111111111 11111
11111, 2111111111 111 21111111 111 61111, 211. Ι.
211111. ΙΙ.; (1111111111 1111111111111111111111111161111, 211. Ι., ΙΙ. 2111
111111 111 1111111111. Jud. cap. I.-lV., Vl., Vll.
21111, 2 61. 6111 211. ll„ 11111111 111 111111111111111. 11111111 Ruth. 111. 11
1-4. Jerem. 1-5. Gen. 12-11, 17. 22-24, 26. 27. 31. 32. 12111111.

12. 11111111111111111111.

1) 611111111111, 4 61. 11 61111, 2 61. 1111111112 61. 11 Quarta. 1111111111
b) 3111111, 2 61. 11 61111, 2 61. 11111111, 2 61. 11611111, 2 61 11 1111111111
2 61. 11 6111111111, 2 611111112111111111111 6111111. 6111111141.ι

 

