-18,

2166611 6116661161 imantia, 1166666 in 6616666, 11666666, 666 13. 266616 1846661666
1666661166 ff). 66161611, 66166166 666616666116666666661166 bis 16 1311666 1861, 666
66166 6661) 6616161666 26666666611666 616 1166661666 16 6161166616, 66 1116161666 16
11661666. 6111616616 1866 66666 661166 66611 6166116 166 6611666661 16166 6666166, 66161616
6 bit 1111616116 1867 61166. 1666 1166116111 1867 616 Ὀ1666 1869 66 6 6666161166,
&stem 1869 1161 et 616 6611616166 66 666 66166666 6666666666, 6661616661666
11111166116116111161111..1161111116166131111..1111661116
66661166. 61166 66666 616 866666 6661ἰ1666666666666666.

§bem 1366161666116116, 6616116 66611 6662666666611661611661161166661661661166666,
1616616116 (666 1661166 6666666) 66166666, 6666 66 1366166616 66 66666666 66666666, 16616
666616666666661166 jebet 16 666 1366166616 666 66616161166666 616116 66616666. &a 161116 666,
6666 66 66161666 6611616666 6661116116 66661616 616136666666666666116616 6666 ein
6161166166. 6166666166 666 6116616166 21616666 666 66666 16166116) 1621616116 66116616,
herm. ῷ611661161 6166 66616166 666 66611 {finger 16166 166666 11166166 6166616666. 66 661666
666 16 11111666 16 666 6666661666 6666616666 6666166666 666 61661666 6666676 111 666
6666661666 286666 666 661161 6666111666 66116116, 661616 mit 666 1. 216611 1616166

· 66666266166661666 6166666 6166. &a 661161 1846166666, 66166166 6 666 666166 (66666

11666666 66166 6666 616 6166661661 11166661, 'um 11611 666 &tamum 666 6116616616 16 16166666.
3666166186866116666661661666666166666666666611616163666611 1.- 616116. 21666
6666 66 6666 6161116 366 6161166666666166 66 66116166 6116661166 61666 6666166, 6611616666
66 26, 661166 [unq 6166 66666166666166116116 66 (6116661166 16 &anum 1311666 1871 6666
66 66 666 (6116661166 666 616666666666666661661161616 Ι. 13. 16 61616666 666166. 2166
616166 6616661111 161166 66 1661666116 1873, 6611 66 616 1161111616 1111161666 6616616 161666
16166166 6616616666 1166666666 1666, 1666666 66116 666 6166116616 6666116666 16166. 1666116666

666 161166 1666661616161666 6616161616 661161 minutim 16 661161 666 mit 666 6166616166
Θῃωῃὰᾒα1ί667677η66 6616666 in 666 161666 661166 16 616 6661 6666666616616161662161611
6616116666 1666, 661 1666666 ficit 1161 66 6611666 66166666 16166666, 66166 666 11111666 66 16
666166 1861166166 66666 6666661

m

H. 6666616666.

1. 66116166.

66616, 2 &n 6661661161. 2116111616 6161611616 666 21. 2. 616 gur 61611666 666 1166116166
21616166, 6661 6666661166 28166166166666. Qu& 6116 (8666116116 666 ft. 66171.
6666116666ἕ6666616661666 66616161161161166. 61616166 6166661661 6611666666)
memorien. 66666.

Quinta, 2 &t (6616666166 666 116166 616661. 3661166 666 britte& 6166161666 61166 666
6666666611 66166. 61616666 66611611666666. 6666166.

matta, 266ἓ3616111616 6161611616 hie 166 21661666 666 6166166. 6661666666. 666
66166666. 666.

116666166ιὶ6, 2166. 21666666666666616616616616166 6616166 666 661166. (6616666 6661
666 66666 6616666616. 61661661. · ,

1166666616, 2 &a 66 &mamerz 2816111616 (116161161116666116616 hie 661 66611666. 116116.
(ᾖ 66 water: 66116666 66 6166161116 666 66666 66166666. 8166661666 666

666666. venantia.

 

