..20-

31313333. - 331 6333113 611 3133111311 331 1113311111. 1131133131311131131
(1111133313. 1113113111 331113331133311. 3333313. ,

3311111133 3., 361. (113111121113131313, 1111133111 9, 12, 13, 14. 1111313111 31311311
111113331ὲ3ιεω 11331133311111133333ς 1113313311111113333; 11111 331 6111111331
3333. 313333. ¹

113111111113, 4 61. 33 6333111 1111131111 (1113133313 111113 1113111. 113133.
33111113. (1113111111 3133131131, 1333133313, 33131113311331.

b &mum 3 61. 1111133111 111311131111311 11113313. 1113311113 3111111131.
1111 ·

Dbtttettia B.‚ 3 61. 331 6333111 1113111133 111 3133113333, 1131313113 331 3133
11311111 6111133313 111113 1113111. 11333313. - 313 11131111 111111111131113313 331
1313111131131311313, 1113311133 331 111133113111113333. 11131311 1111113131, 61111·
76-92,106-123 31313333.

6111111113, 4 61. 1111131111, 1131113113 31111313. 6131133313 113113 1113111
3131111113113111333113 (1133111111 3311333133 31131113, 3133111111 111 61111111.

3 .

611331ῗῗρὲ ίΙ,61 1111133111 (1111133313 31311113 1113111 311 einer 331 1311311113 11313
1333113. 1111133333113313 331 1133111313.

(1133311111 3133133111 111 331 2111313333 11131133313331( 33333113.

6113313 B„ 3. 61. 311333131311311 6111133131.

3311133, 461. 1133313111 3313113, 1131313111 3111133 133333311111331 6113331111.

13331-

5. 131113111333113.

Quinta, 261. 33 63333111 6111131333 1133131111313131313113111331111121τῆ1
3111113333 111 1131311131111113 3133133313311. 1113113333. 1

Quarta, 2 61. 813 63331111113131111333 333131133113313311 11113111111111111111313333
13111111331311311331 111 2133111311. 11313333 11311ἓ111311331. stlufieneintheia
1333 111 1111133313 3313 11331. - 33 winter 1611 13111333 13 bie 31313311.
313111311311111333111 1113111113 1311333313 111 6133111131. 61111131333 11331311
31131111333113. 31313333. ·

113111111113, 2 61. 313 6333111 1131111333 3311111313333 111 31133313 3311 113
3133111113 6131113. ς13113333 11311 3111311331.- 1113 13131111 33113311. Die
3131313 111 1111111131 1116113333131111211111111111 33111133111113 111 31311113
11161331111111 331 1111111311. 31313333.

6111111111, 261. 1113 63333111 611111131131111111131313 111 33133313 33113 113 111111
111113 631113 133 31331331 3311 3311 1113 3311111113 6311113 333 6113311111. Die
1311131113 3111 3111131133 3313111131 3111131113 2133331333 331113 3311 313311
1133113111 1113131113. - 1311131133. - 113 1113113 33113311, 31113111111113, 3111
3311111113. 1311133313311331) 1113311. 1113113133. .

6113313, 2 61. 1113131131631311111113111311311 1313331311311111 2111133311. 2311·
1113131 1111311. 11111311313333. 11131111. 33333113.

311313, 261. 11131111331112111113311. 611 313311131311113. 1111113111. 133111 331

1111311. 3333333.

 

