,27-

3. 1111111111.

11111 11111111111 1111111111 111 811111 1111 1111111111 &tabita 1111111 111
Θ1111111111 (1111111111 1111111111 11111111
1111111111111111111, 1111111 3111111 111 1111111111, 11111111 1111111111
111 1111111111 11111111 31111111 111 1111111111.

11. 1111111111 111 1111111.

A. 11111 111111111111311111
ς1111111111111111111111111111111111111 1. ῧ111111111111ζ11111111111. 2111111, - Quugrmht ΜΠ,

111111111ῐὶ11 3111111111. 81111, 1. — 8111111, 11111111. 111 81111111111111111. 8111.
93-98. - (111111111111111118111111111. IV. 81111. 9. 8111611117. 111 11111. L, 6. 8111. - &5112
, 11111. ,1, 111111111111111111111111811111111. 1111131114. - 8111111·(1111111111111111111111

&tauta ,1. 7. (8111111.) ω11111111,8111111111,11111111126-30. (811111.) - 11111111
8111111 11ῧ111111111. -, 81111, foer 1111111 81111111. ·- 111111, Qu& 111111 1111111111, -
1111111, 811111 1111 8111111111. -1111111,1111111 1111 111111 &prothea 31119, 1813, -
11111 8111111111 1111 1111111. 111 111111. 81111. 1873. - 81111811111111111 111 3111111.
81111. 1873. ψ 8111111131111111111. 3111111. 1111 8111111 111 8111111111. 1873. -

1111111111, 15111111111111 1813114. .
· 1111111111 1118111111 1111111111 11111111111 1111111 111 &andeg

1111111, 1111111181111111111111111. ν- 81111131111 11111118111111. - ῧ11111111111 111111 111
8111111111. - 811111, §arte 1111111111.--1111115811111111111111 1311111 111 11111111
1111, 11111111111181111111111, 111 111111 11111 8111111811111 111 81111111 1811111111
1111111 111 1111 11111111 1111111111111111111 in 811111111111111 1111111).
B. (1111111111 1111111111 6111111111
vna. 111 &nl 811713111ῐὶ1111 111111 1111 8111111111 81111111 1111 1111111 111 1111111111 8111111
Sar. .
1. 111) {rau Daevssjetidjteunmult 1111111 (1111 1111 1111111111 11111 1111111111 1111111111 1111111
31 811. 1111
c. 1111111111 1111111111 11111111 1111 11111113111111 1111111111 111111111811111161111111111111
d. 111111. 111181111111111111111 gut 1111111111 111111111311111111111181111111111 111
11111111111111811111111111. 1111111111 1873.
e. 111111111111111111111 81111111111111 8111111 31111111111111 111 81111111111111 111
81111, 111111111111 1111 8111111. 31111111 1873.

233st 51111111 1111 bide (1111111111 1111111 1111111111 Dant.
11111811111111111111 111 111 111 1111111111111111 in 111 61111111111111119151111

111111 111111181111111111111 1111111111111. Γ»1111 11111 111111111111181111111 1111 1111 11111
111111111111111111111111111 111111111111111111111 u. 11. 111111 1111111.

V. 1111111111 11111111. , ¹

manemus, 111 1111111111.
8111111111111 (111111111111.

Saia, 111 9-1011111
8111111111 ....... 8111111.
8111111111 ...... 11111.
111111111ῐί1.

 

